Loading STEP file: /workspace/reference/Osterath_Habitat_1225 AF.step
Found 61 solids.
ID   | Volume (mm3)    | Center (X, Y, Z)               | BBox Min                       | BBox Max                      
------------------------------------------------------------------------------------------------------------------------
0    | 29200500.00     | (-0.00, 2565.50, 3350.00)      | (-1200.00, 2543.00, 900.00)    | (1200.00, 2588.00, 5800.00)   
1    | 3181698832.00   | (-33.13, 1288.17, 3344.90)     | (-1202.00, 206.00, 898.00)     | (1202.00, 2510.00, 5802.00)   
2    | 78266.31        | (-489.66, 37.14, 3310.00)      | (-532.00, 20.00, 3237.77)      | (-455.00, 79.14, 3382.23)     
3    | 78266.31        | (-489.66, 37.14, 2150.00)      | (-532.00, 20.00, 2077.77)      | (-455.00, 79.14, 2222.23)     
4    | 14614445.95     | (415.00, 99.65, 3210.73)       | (375.00, -0.00, 755.00)        | (455.00, 200.00, 5655.00)     
5    | 14614445.95     | (-415.00, 99.65, 3210.73)      | (-455.00, -0.00, 755.00)       | (-375.00, 200.00, 5655.00)    
6    | 3249171.35      | (455.96, 204.00, 2194.77)      | (366.50, 200.00, 1028.00)      | (546.50, 208.00, 3330.00)     
7    | 3249171.35      | (-455.96, 204.00, 2194.77)     | (-546.50, 200.00, 1028.00)     | (-366.50, 208.00, 3330.00)    
8    | 3045336.52      | (444.22, 204.00, 4729.18)      | (216.50, 200.00, 3680.00)      | (546.50, 208.00, 5655.00)     
9    | 3045336.52      | (-444.22, 204.00, 4729.18)     | (-546.50, 200.00, 3680.00)     | (-216.50, 208.00, 5655.00)    
10   | 863947.26       | (-459.00, -39.33, 5240.17)     | (-463.00, -210.00, 5070.00)    | (-455.00, 160.00, 5410.00)    
11   | 863947.26       | (459.00, -39.33, 5240.17)      | (455.00, -210.00, 5070.00)     | (463.00, 160.00, 5410.00)     
12   | 2204773.02      | (-0.00, 108.09, 5662.50)       | (-440.00, 5.00, 5655.00)       | (440.00, 200.00, 5670.00)     
13   | 244323.05       | (-302.42, 4.00, 5555.17)       | (-375.00, 0.00, 5440.00)       | (-215.00, 8.00, 5655.00)      
14   | 244323.05       | (302.42, 4.00, 5555.17)        | (215.00, 0.00, 5440.00)        | (375.00, 8.00, 5655.00)       
15   | 8917407.01      | (-438.39, -105.00, 3160.00)    | (-455.00, -210.00, 910.00)     | (-385.00, 0.00, 5410.00)      
16   | 8917407.01      | (438.39, -105.00, 3160.00)     | (385.00, -210.00, 910.00)      | (455.00, 0.00, 5410.00)       
17   | 529095.70       | (472.08, -13.60, 1500.00)      | (465.00, -189.00, 1356.53)     | (487.62, 175.88, 1643.47)     
18   | 270507.80       | (511.68, 67.21, 1500.00)       | (475.00, 0.00, 1403.47)        | (545.00, 170.00, 1596.53)     
19   | 45628.75        | (467.14, 113.10, 1602.10)      | (457.07, 54.42, 1567.25)       | (477.22, 171.78, 1636.96)     
20   | 372858.66       | (460.00, -74.23, 1500.00)      | (455.00, -189.00, 1399.75)     | (465.00, 36.00, 1600.25)      
21   | 45628.75        | (467.14, 113.10, 1397.90)      | (457.07, 54.42, 1363.04)       | (477.22, 171.78, 1432.75)     
22   | 317184.58       | (499.66, 95.61, 1500.00)       | (455.00, 30.00, 1423.83)       | (545.00, 180.00, 1576.17)     
23   | 67476.33        | (518.00, 98.85, 1437.37)       | (493.00, 29.94, 1414.42)       | (543.00, 167.76, 1460.32)     
24   | 67476.33        | (518.00, 98.85, 1562.63)       | (493.00, 29.94, 1539.68)       | (543.00, 167.76, 1585.58)     
25   | 255408.37       | (432.15, 99.00, 5542.92)       | (426.00, 6.00, 5457.00)        | (467.00, 192.00, 5655.00)     
26   | 255408.37       | (-432.15, 99.00, 5542.92)      | (-467.00, 6.00, 5457.00)       | (-426.00, 192.00, 5655.00)    
27   | 1923302.09      | (365.36, 148.00, 1060.00)      | (-375.00, 88.00, 1028.00)      | (1110.00, 208.00, 1092.00)    
28   | 313897.56       | (778.67, 148.00, 1079.34)      | (450.00, 115.50, 1062.20)      | (1110.00, 180.50, 1087.20)    
29   | 48546.21        | (1060.00, 148.00, 1078.17)     | (1043.50, 131.50, 1049.00)     | (1076.50, 164.50, 1114.00)    
30   | 19595.72        | (1060.00, 148.00, 1102.50)     | (1034.00, 122.00, 1095.00)     | (1086.00, 174.00, 1110.00)    
31   | 58772.11        | (1060.00, 148.00, 1102.43)     | (1022.50, 110.50, 1089.35)     | (1097.50, 185.50, 1116.35)    
32   | 48546.21        | (530.00, 148.00, 1078.17)      | (513.50, 131.50, 1049.00)      | (546.50, 164.50, 1114.00)     
33   | 19595.72        | (530.00, 148.00, 1102.50)      | (504.00, 122.00, 1095.00)      | (556.00, 174.00, 1110.00)     
34   | 58772.11        | (530.00, 148.00, 1102.43)      | (492.50, 110.50, 1089.35)      | (567.50, 185.50, 1116.35)     
35   | 6133.88         | (1112.00, 148.00, 1077.57)     | (1110.00, 120.50, 1062.20)     | (1114.00, 175.50, 1092.20)    
36   | 6133.88         | (448.00, 148.00, 1077.57)      | (446.00, 120.50, 1062.20)      | (450.00, 175.50, 1092.20)     
37   | 1923302.09      | (365.36, 148.00, 2710.00)      | (-375.00, 88.00, 2678.00)      | (1110.00, 208.00, 2742.00)    
38   | 313897.56       | (778.67, 148.00, 2690.66)      | (450.00, 115.50, 2682.80)      | (1110.00, 180.50, 2707.80)    
39   | 48546.21        | (1060.00, 148.00, 2691.83)     | (1043.50, 131.50, 2656.00)     | (1076.50, 164.50, 2721.00)    
40   | 19595.72        | (1060.00, 148.00, 2667.50)     | (1034.00, 122.00, 2660.00)     | (1086.00, 174.00, 2675.00)    
41   | 58772.11        | (1060.00, 148.00, 2667.57)     | (1022.50, 110.50, 2653.65)     | (1097.50, 185.50, 2680.65)    
42   | 48546.21        | (530.00, 148.00, 2691.83)      | (513.50, 131.50, 2656.00)      | (546.50, 164.50, 2721.00)     
43   | 19595.72        | (530.00, 148.00, 2667.50)      | (504.00, 122.00, 2660.00)      | (556.00, 174.00, 2675.00)     
44   | 58772.11        | (530.00, 148.00, 2667.57)      | (492.50, 110.50, 2653.65)      | (567.50, 185.50, 2680.65)     
45   | 6133.88         | (1112.00, 148.00, 2692.43)     | (1110.00, 120.50, 2677.80)     | (1114.00, 175.50, 2707.80)    
46   | 6133.88         | (448.00, 148.00, 2692.43)      | (446.00, 120.50, 2677.80)      | (450.00, 175.50, 2707.80)     
47   | 1982334.91      | (0.00, 100.00, 1250.00)        | (-371.00, 42.85, 1192.85)      | (371.00, 157.15, 1307.15)     
48   | 1982334.91      | (0.00, 100.00, 2050.00)        | (-371.00, 42.85, 1992.85)      | (371.00, 157.15, 2107.15)     
49   | 2457881.56      | (-0.00, 100.00, 2850.00)       | (-460.00, 42.85, 2792.85)      | (460.00, 157.15, 2907.15)     
50   | 2457881.56      | (-0.00, 100.00, 3650.00)       | (-460.00, 42.85, 3592.85)      | (460.00, 157.15, 3707.15)     
51   | 2457881.56      | (-0.00, 100.00, 4450.00)       | (-460.00, 42.85, 4392.85)      | (460.00, 157.15, 4507.15)     
52   | 1982334.91      | (0.00, 100.00, 5250.00)        | (-371.00, 42.85, 5192.85)      | (371.00, 157.15, 5307.15)     
53   | 93682.30        | (415.00, 127.06, 1135.65)      | (365.00, 86.00, 1093.00)       | (465.00, 198.00, 1147.00)     
54   | 93682.30        | (415.00, 127.06, 2634.35)      | (365.00, 86.00, 2623.00)       | (465.00, 198.00, 2677.00)     
55   | 852343.10       | (-782.50, 148.00, 1060.00)     | (-1110.00, 88.00, 1028.00)     | (-455.00, 208.00, 1092.00)    
56   | 14355503.99     | (-414.40, 99.68, 3168.38)      | (-455.00, -0.00, 755.00)       | (-375.00, 200.00, 5655.00)    
57   | 14038879.04     | (414.39, 98.49, 3197.33)       | (375.00, -0.00, 755.00)        | (455.00, 200.00, 5655.00)     
58   | 2273574.43      | (456.43, 204.00, 1884.50)      | (366.50, 200.00, 1093.00)      | (546.50, 208.00, 2677.00)     
59   | 2273574.43      | (456.43, 204.00, 1884.50)      | (366.50, 200.00, 1093.00)      | (546.50, 208.00, 2677.00)     
60   | 454800000.00    | (886.44, -295.00, 1601.64)     | (590.00, -570.00, 898.00)      | (1190.00, -20.00, 2298.00)    
